function [xmodel_upper ymodel_upper xexp_upper yexp_upper xmodel_lower ymodel_lower xexp_lower yexp_lower] = aylorexp4

%DATA FROM EXP 4 AYLOR 2001 LYCOPODIUM
%%0.7h
A = [0.01105721363689982, 2.984371829656718
0.01321599622507963, 2.8845723723015215
0.014795800401085274, 2.7387519169517516
0.017508080688922956, 2.6389383036451575
0.023541347174708016, 2.5390397546301755
0.028454877904919212, 2.416151940545004
0.02895316739412529, 2.316394951044001
0.03498643387991032, 2.2164964020290197
0.041040934292792264, 2.1549604813023473
0.04599693287719711, 2.1087979237937944
0.05204718650465967, 2.0395894774094607
0.05478070071959423, 1.9781384923911758
0.06083944791789547, 1.9242750973221652
0.06634469741653887, 1.8704258582045532
0.07129644921552436, 1.8165907750383385
0.08783767842397075, 1.7010782116314727
0.1049366521174944, 1.5932240179308712
0.12204836616727618, 1.508387401203255
0.14302607054382452, 1.40810664150053
0.1584857850654713, 1.3386575439424315
0.17392851244544064, 1.2385183437536855
0.1838490031850891, 1.161538280051904
0.18989925681255163, 1.0923298336675704
0.18818355550312618, 0.9926294679721597
0.17984711572490272, 0.9314616019818329
0.16766167276159025, 0.9164279815972627
0.15435224725728444, 0.870732570484841
0.1454580629939837, 0.8019063347882498
0.13876088238763715, 0.7023333726554197
0.1392931461601982, 0.6639565884157124
0.14370414061578388, 0.6331532381738816
0.1569626046950572, 0.5867783413943606
0.18457803468208092, 0.4786551846171987
0.19782800519051555, 0.41693523652235376
0.1989010263064764, 0.3555267193582625
0.20773575557390592, 0.31693759584758663
0.2171324761118321, 0.2936793677008369
0.22320821045181086, 0.2705060752624737
0.22649097558098388, 0.20136840863512973
0.22701049899728684, 0.13997404742243624];

xmodel_upper = A(:,1);
ymodel_upper = A(:,2);

B = [0.05210664150053085, 2.1470048366167274
0.11109732216586057, 1.723501238645747
0.16018874601863872, 1.4153403326648566
0.1721788368526602, 1.0774377727969795
0.17251574849593018, 0.6861248083048239
0.1380247729149464, 0.37242892532735494];

xexp_upper = B(:,1);
yexp_upper = B(:,2);

 %% 0.5h
C = [0.02993275923086, 2.086190869411348
0.04685761472218944, 1.6637631237466084
0.06939388934764656, 1.3792992804058035
0.08031095906570718, 1.1028052377020163
0.07893216939955175, 0.6117919075144505
0.06106311194998232, 0.3283614486256923
0.0287691400259526, -0.016081160788014692];

xexp_lower = C(:,1);
yexp_lower = C(:,2);

D = [0.009405214108764881, 2.9997593488262355
0.011014745782706142, 2.9076465730800987
0.014808540757343391, 2.761769493924737
0.015315323817388204, 2.677357555739058
0.019692343989618943, 2.5851740002359325
0.022945381620856437, 2.4623286540049545
0.02510416420903619, 2.362529196649758
0.026705202312138687, 2.255071369588298
0.03104400141559513, 2.0938350831662143
0.03490149817152294, 2.063045888875781
0.038175769729857256, 1.9785631709331128
0.04256128347292673, 1.9017246667453103
0.0458567889583579, 1.8556045770909515
0.05187306830246549, 1.7250159254453226
0.05847257284416657, 1.6481207974519285
0.06007785773268845, 1.54833549604813
0.06608989029137669, 1.4100743187448384
0.07156541229208446, 1.3025174000235928
0.0792379379497464, 1.1642137548661076
0.08085596319452637, 1.087446030435295
0.07361377845936062, 1.0032322755691867
0.06527733868113719, 0.94206440957886
0.05750713695882978, 0.9038999646101211
0.04973268845110301, 0.8580629939837205
0.048016987141677486, 0.7583626282883094
0.04851102984546418, 0.6509331131296445
0.05511478117258464, 0.5817105107939122
0.05619629585938424, 0.5356470449451454
0.055025598678777876, 0.42058747198301205
0.05278188038221071, 0.3669364161849704
0.05495765011206796, 0.2978270614604219
0.061007903739530495, 0.22861861507608783
0.0670539105815737, 0.15173764303409154
0.07203538987849475, 0.15161023947151087
0.07588863984900321, 0.11314851952341609
0.07863489442019586, 0.07471511147811682
0.07915866462191815, 0.020993275923085974
0.07361944083991978, 0.01346230977940266
0.06587047304470922, 0.01366049309897388];

xmodel_lower = D(:,1);
ymodel_lower = D(:,2);


end
