function [xmodel_upper ymodel_upper xexp_upper yexp_upper xmodel_lower ymodel_lower xexp_lower yexp_lower] = aylorexp6

%DATA FROM EXP 6 AYLOR 2001 LYCOPODIUM
% %%0.7h
A = [0.01601367494803907, 2.9901905557390105
0.019144927254715338, 2.8173209533614347
0.024844117247139696, 2.653425535634506
0.02608729434160173, 2.5624599366756673
0.03564421825527864, 2.4256618946795907
0.047714690856820924, 2.1705677822886114
0.06047279578873757, 2.0245333229735243
0.07897282492570074, 1.814601503467299
0.09111322623880652, 1.723140576134885
0.10263203900468135, 1.6771624482818903
0.11027369320720262, 1.558633282181776
0.11602338726908953, 1.5129173869971444
0.1275111206076028, 1.3942133991181214
0.13836561061362443, 1.2937200132087567
0.14986499873739825, 1.2022882228394942
0.16458887744993297, 1.1561644101707427
0.17162059789048387, 1.1103902410598083
0.17608438064528661, 1.055641887298226
0.16836502787436144, 0.9923564033332681
0.15423942813853656, 0.9384530215030789
0.14074707173520326, 0.8663390377032303
0.1266292418562188, 0.8306171208795479
0.11314465530972592, 0.7766846020862066
0.10607020065655284, 0.7224607136613512
0.11693634544783513, 0.6492395252617471
0.12973329966395372, 0.5941123909791961
0.1438200501155766, 0.5571084477768493
0.1591965968027039, 0.5382276956547072
0.1745731434898312, 0.519346943532565
0.18737398263436997, 0.47331054175326814
0.20527961772304346, 0.3724966492492374
0.21421495308948932, 0.2811814067325811
0.2295953847050368, 0.2713913871136926
0.2520075367611352, 0.21582719838386932
0.26802509663759444, 0.1969173092985761
0.28405042637089417, 0.19618888521978928
0.2949398807326975, 0.1775120918397075
0.30134612769759717, 0.16812998970493975];

xmodel_upper = A(:,1);
ymodel_upper = A(:,2);

B = [0.02727219750976087, 2.335133350168024
0.09944639770012234, 1.7227617956139158
0.15316718789456304, 1.4294108506050778
0.1786795128299761, 1.1282511994716495
0.2124745051572425, 0.7085332452749555
0.15271265126940034, 0.3657951477244028
0.19809638507410496, 0.06373225073328026];

xexp_upper = B(:,1);
yexp_upper = B(:,2);

% %% 0.5h
C = [0.009642857142857147, 2.305416819684172
0.044464285714285706, 1.6789478516342267
0.07178571428571429, 1.3999081894968781
0.07607142857142857, 1.0757803892765332
0.10499999999999998, 0.6424164524421596
0.08464285714285713, 0.3118435549026808
0.09642857142857142, 0.002754315093645765];

xexp_lower = C(:,1);
yexp_lower = C(:,2);

D = [0.013928571428571429, 3.014708042600073
0.016607142857142848, 2.9605857510099156
0.016607142857142848, 2.8526165993389645
0.02035714285714285, 2.759878810135879
0.02089285714285713, 2.705866691149467
0.024642857142857133, 2.636265148733015
0.024107142857142855, 2.613156445097319
0.024107142857142855, 2.559171869261843
0.02732142857142858, 2.4510374586852732
0.02732142857142858, 2.404764965112008
0.03214285714285714, 2.3196841718692616
0.03535714285714284, 2.2038376790304812
0.035892857142857115, 2.06499265515975
0.04821428571428571, 1.8638450238707307
0.04178571428571429, 1.9875688578773412
0.049821428571428544, 1.7712174072713918
0.051964285714285685, 1.6554260007344839
0.054107142857142854, 1.5396345941975764
0.05678571428571427, 1.4700881380829962
0.058928571428571414, 1.3542967315460888
0.06857142857142856, 1.2998163789937567
0.07125000000000001, 1.1531491002570693
0.07392857142857143, 1.0681784796180684
0.06535714285714284, 0.9914983474109436
0.056249999999999994, 0.8917095115681231
0.047678571428571404, 0.8613018729342636
0.047678571428571404, 0.7687568857877336
0.044464285714285706, 0.6532409107601906
0.047142857142857125, 0.5759823723834008
0.05249999999999999, 0.4831619537275067
0.05303571428571427, 0.4137256702166723
0.05249999999999999, 0.34434447300771165
0.06267857142857142, 0.2821244950422326
0.06964285714285715, 0.2663422695556372
0.08035714285714285, 0.2426551597502753
0.09107142857142855, 0.21125596768270238
0.10232142857142856, 0.17982923246419347];

xmodel_lower = D(:,1);
ymodel_lower = D(:,2);


end

