function [xmodel_upper ymodel_upper xexp_upper yexp_upper xmodel_lower ymodel_lower xexp_lower yexp_lower] = aylorexp2

%DATA FROM EXP 2 AYLOR 2001 LYCOPODIUM
%%0.7h
A = [0.00828574691640016, 2.9886363636363633
0.008251484696208317, 2.9204545454545454
0.008200091365920509, 2.8181818181818183
0.011888990406578315, 2.659090909090909
0.016285975331201463, 2.4090909090909087
0.022253312014618526, 2.2840909090909087
0.028214938328003647, 2.1477272727272725
0.037928277752398376, 1.977272727272727
0.04614550022841479, 1.8295454545454546
0.058160118775696656, 1.7386363636363633
0.015600730927364082, 2.545454545454545
0.06640018273184098, 1.6363636363636358
0.07917428049337596, 1.5568181818181817
0.09043513019643673, 1.4659090909090904
0.10472818638647782, 1.4090909090909087
0.11524097761534946, 1.3295454545454546
0.12273869346733665, 1.2499999999999996
0.12871745089081768, 1.1477272727272725
0.1354785290086797, 1.102272727272727
0.14527752398355412, 1.102272727272727
0.1542770671539516, 1.0113636363636362
0.16180333485609863, 0.9886363636363633
0.15950776610324344, 0.920454545454545
0.15272384650525353, 0.920454545454545
0.14514618547281863, 0.8409090909090908
0.13229785290086796, 0.7727272727272725
0.125508222932846, 0.7613636363636362
0.11797053449063497, 0.7613636363636362
0.10890246687985378, 0.7159090909090908
0.10134193695751484, 0.670454545454545
0.09680790315212423, 0.6477272727272725
0.09902923709456368, 0.5681818181818175
0.10581315669255364, 0.5681818181818175
0.1133222932846048, 0.5113636363636362
0.1208485609867519, 0.48863636363636376
0.12609639104613976, 0.43181818181818166
0.12305847418912744, 0.3863636363636358
0.12152238465052531, 0.32954545454545414
0.12600502512562814, 0.2499999999999991
0.12972247601644585, 0.14772727272727249];

xmodel_upper = A(:,1);
ymodel_upper = A(:,2);

B = [0.024434673366834164, 2.1249999999999996
0.06720534490634991, 1.7386363636363633
0.11980356327089992, 1.4090909090909087
0.14755025125628138, 1.1249999999999996
0.13369689355870254, 0.5568181818181817
0.11019301050708083, 0.28409090909090917
0.07462882594792142, 0.011363636363635798];

xexp_upper = B(:,1);
yexp_upper = B(:,2);

 %% 0.5h
C = [0.050502512562814045, 0
0.054379853814527146, 0.21590909090909083
0.04850959342165373, 0.5340909090909092
0.05256395614435816, 1.102272727272727
0.041383051621745076, 1.352272727272727
0.025719506624029248, 1.6818181818181817
0.007069438099588848, 2.068181818181818];

xexp_lower = C(:,1);
yexp_lower = C(:,2);

D = [0.007531978072179063, 2.9886363636363633
0.007474874371859286, 2.875
0.008171539515760606, 2.7613636363636362
0.008873915029693924, 2.659090909090909
0.010301507537688437, 2.5
0.016234582000913683, 2.3068181818181817
0.01690840566468707, 2.1477272727272725
0.022898583828232066, 2.068181818181818
0.028095020557332123, 1.9090909090909087
0.03103586112380083, 1.7613636363636362
0.03699748743718592, 1.6249999999999996
0.038419369575148465, 1.4545454545454541
0.03983554134307901, 1.2727272727272725
0.04432960255824575, 1.2159090909090908
0.04579716765646413, 1.1363636363636358
0.04799566011877571, 1.0113636363636362
0.04568296025582455, 0.9090909090909087
0.03884764732754681, 0.8068181818181812
0.029014390132480583, 0.7386363636363633
0.024451804476930072, 0.6590909090909087
0.020648698035632712, 0.5909090909090904
0.02057446322521697, 0.44318181818181834
0.02958542713567841, 0.3749999999999991
0.03709456372772957, 0.31818181818181834
0.0363008222932846, 0.2386363636363633];

xmodel_lower = D(:,1);
ymodel_lower = D(:,2);


end