function [xmodel_upper ymodel_upper xexp_upper yexp_upper xmodel_lower ymodel_lower xexp_lower yexp_lower] = aylorexp1

%DATA FROM EXP 1 AYLOR 2001 LYCOPODIUM
%%0.7h
A = [0.005172413793103459, 3
0.009051724137931039, 2.854103343465045
0.009051724137931039, 2.5896656534954405
0.014224137931034497, 2.3343465045592704
0.01551724137931032, 2.188449848024316
0.020689655172413834, 1.9969604863221884
0.04137931034482756, 1.841945288753799
0.051724137931034475, 1.6504559270516719
0.09568965517241379, 1.4133738601823707
0.14870689655172414, 1.2492401215805469
0.1991379310344828, 1.1215805471124618
0.2767241379310345, 0.9848024316109423
0.3349137931034482, 0.9118541033434653
0.3737068965517241, 0.8662613981762921
0.3814655172413793, 0.7841945288753802
0.39827586206896554, 0.7021276595744679
0.41767241379310344, 0.620060790273556
0.4409482758620689, 0.5653495440729488
0.45, 0.5288753799392101
0.4461206896551723, 0.48328267477203646
0.43836206896551716, 0.44680851063829774
0.439655172413793, 0.3920972644376901
0.4448275862068965, 0.3556231003039514
0.4357758620689655, 0.31914893617021267
0.4112068965517241, 0.26443768996960504
0.3956896551724138, 0.22796352583586632
0.34655172413793106, 0.12765957446808507
0.3336206896551724, 0.11854103343465017];

xmodel_upper = A(:,1);
ymodel_upper = A(:,2);

B = [0.049137931034482774, 1.6139817629179327
0.13577586206896552, 1.3495440729483281
0.26508620689655166, 1.1215805471124618
0.35043103448275853, 0.8571428571428568
0.38534482758620686, 0.5835866261398173
0.28836206896551725, 0.29179331306990886
0.2482758620689655, 0.027355623100303816];

xexp_upper = B(:,1);
yexp_upper = B(:,2);

 %% 0.5h
C = [0.031034482758620696, 1.577507598784194
0.08017241379310347, 1.29483282674772
0.13836206896551723, 1.0577507598784193
0.15517241379310337, 0.7933130699088142
0.21206896551724136, 0.5288753799392101
0.34137931034482755, 0.22796352583586632
0.4874999999999999, -0.018237082066868915];

xexp_lower = C(:,1);
yexp_lower = C(:,2);

D = [0.00775862068965516, 2.98176291793313
0.009051724137931039, 2.8814589665653494
0.009051724137931039, 2.680851063829787
0.011637931034482796, 2.4711246200607904
0.021982758620689657, 2.188449848024316
0.029741379310344873, 1.9969604863221884
0.038793103448275856, 1.8601823708206684
0.060775862068965514, 1.5957446808510634
0.07629310344827583, 1.4863221884498476
0.1008620689655172, 1.3404255319148937
0.11767241379310345, 1.2127659574468086
0.13706896551724135, 1.0303951367781155
0.14870689655172414, 0.8389057750759874
0.16939655172413798, 0.6291793313069909
0.18879310344827577, 0.46504559270516754
0.21982758620689652, 0.4194528875379939
0.2676724137931034, 0.3920972644376901
0.3297413793103448, 0.3647416413373854
0.3866379310344827, 0.30091185410334287
0.4409482758620689, 0.24620060790273524
0.48103448275862065, 0.21884498480243142
0.5353448275862069, 0.1914893617021276
0.5754310344827587, 0.13677811550151997
0.6025862068965517, 0.12765957446808507];

xmodel_lower = D(:,1);
ymodel_lower = D(:,2);

end