function [xmodel_upper ymodel_upper xexp_upper yexp_upper xmodel_lower ymodel_lower xexp_lower yexp_lower] = aylorexp5

%DATA FROM EXP 5 AYLOR 2001 LYCOPODIUM
%%0.7h
A = [0.015004468275245764, 3.00804289544236
0.01828865058087581, 2.919571045576408
0.01822609472743522, 2.8069705093833788
0.02203455466190049, 2.6621983914209117
0.028065236818588024, 2.5174262734584456
0.03573130771522193, 2.3163538873994645
0.04509532320524279, 2.171581769436998
0.05669496574322311, 2.050938337801609
0.0616458147155198, 1.9624664879356573
0.06883675901102174, 1.9061662198391427
0.07656985403634195, 1.8257372654155501
0.08430294906166222, 1.7453083109919576
0.09700476616026216, 1.60857908847185
0.10808013106940723, 1.544235924932976
0.11529788501638366, 1.536193029490617
0.12413762287756924, 1.4477211796246654
0.1274218051831993, 1.3592493297587134
0.14071492403932084, 1.2868632707774803
0.14625707476913913, 1.2627345844504028
0.1573100983020554, 1.1581769436997322
0.1622564789991064, 1.0616621983914212
0.16832737563300565, 0.9892761394101881
0.16718945487042003, 0.9410187667560321
0.15214924039320826, 0.8686327077747995
0.14323801012809056, 0.828418230563003
0.12201072386058981, 0.6193029490616624
0.11976616026213888, 0.5790884718498663
0.1236327077747989, 0.5388739946380698
0.13638367590110217, 0.49061662198391476
0.16302353291629434, 0.4423592493297588
0.1879967232648198, 0.39410187667560326
0.21519213583556746, 0.3458445040214482
0.21405421507298183, 0.2975871313672931
0.20682305630026815, 0.28150134048257414
0.2029207625856419, 0.25737265415549615
0.20456955615132555, 0.22520107238605913
0.21066726243669948, 0.20107238605898115
0.21899612749478709, 0.1930294906166221
0.22621388144176352, 0.18498659517426308
0.22786714328269292, 0.1608579088471851];

xmodel_upper = A(:,1);
ymodel_upper = A(:,2);

B = [0.03339291033661007, 2.107238605898124
0.08373398868036938, 1.7211796246648796
0.12801310694072088, 1.4235924932975879
0.14839439976169194, 1.1099195710455767
0.22206434316353885, 0.7158176943699734
0.15407208817396484, 0.3297587131367292
0.1255734286565386, 0.03217158176943702];

xexp_upper = B(:,1);
yexp_upper = B(:,2);

 %% 0.5h
C = [0.021139410187667546, 2.050938337801609
0.039258266309204676, 1.664879356568365
0.05853738456955615, 1.3672922252010729
0.07280756627941617, 1.0536193029490621
0.10813523979743817, 0.6434316353887404
0.09684092940125111, 0.31367292225201115
0.14776884122728623, -0.016085790884718065];

xexp_lower = C(:,1);
yexp_lower = C(:,2);

D = [0.016079833184390796, 2.943699731903486
0.01826630920464703, 2.879356568364612
0.01821715817694372, 2.79088471849866
0.023159070598748888, 2.6863270777479897
0.022558832290735797, 2.605898123324397
0.022496276437295237, 2.4932975871313676
0.027989276139410185, 2.3806970509383385
0.02141197497765862, 2.541554959785523
0.03346887101578791, 2.243967828418231
0.03452189454870422, 2.1394101876675604
0.03779267202859696, 2.0268096514745313
0.05155644921060473, 1.8016085790884722
0.052537980339588924, 1.568364611260054
0.05749329758713137, 1.4879356568364615
0.0651861781352398, 1.3351206434316354
0.0728433124813822, 1.1179624664879362
0.07942061364313377, 0.9571045576407511
0.0788159070598749, 0.8686327077747995
0.07212243074173372, 0.8203753351206435
0.058739946380697045, 0.731903485254692
0.04872207327971401, 0.6997319034852549
0.04425975573428656, 0.6675603217158179
0.04422400953232053, 0.6032171581769439
0.05030384271671137, 0.5469168900804293
0.05414358057789695, 0.4584450402144773
0.06856121537086685, 0.41018766756032177
0.08131665177241584, 0.3699731903485257
0.08629877867143282, 0.3378016085790887
0.08962317545427467, 0.3217158176943702
0.08792523086088774, 0.26541554959785607
0.07903187369675307, 0.25737265415549615
0.07623622281799228, 0.22520107238605913
0.0784361036639857, 0.18498659517426308
0.08176943699731906, 0.18498659517426308
0.08619600834078045, 0.15281501340482606];

xmodel_lower = D(:,1);
ymodel_lower = D(:,2);

end
