function [xmodel_upper ymodel_upper xexp_upper yexp_upper xmodel_lower ymodel_lower xexp_lower yexp_lower] = aylorexp3

%DATA FROM EXP 3 AYLOR 2001 LYCOPODIUM
%%0.7h
A = [0.013662018770762313, 2.965554683552469
0.015287528086263824, 2.818323532257544
0.017780620746745246, 2.693701151402432
0.02028661427480999, 2.5917197931560896
0.028743132975692642, 2.432910113205113
0.03804143328638854, 2.2514271584764076
0.0456755216788329, 2.1492522872163153
0.05075201307287919, 2.0584946837674836
0.06351419632970318, 1.9561262994936413
0.09073502693056112, 1.7286840039992688
0.11543696313577084, 1.5805820441424685
0.1418482642957739, 1.4324155799477514
0.15887095907199755, 1.307244912220347
0.1801799671027876, 1.204554006256921
0.19722201318038635, 1.113344872442672
0.19717686014384467, 1.0341012933119753
0.18944601524452515, 0.9664684950062896
0.1740294784824279, 0.910446477525614
0.1568713245965791, 0.7978864078609287
0.15341389208424266, 0.7300923487104507
0.15849038347828887, 0.6393347452616194
0.1772482449444725, 0.5593816184138385
0.19857015384284588, 0.47933173505918303
0.20794585935904192, 0.43369491598310006
0.2232720900480557, 0.3312297752023823
0.23776298956104797, 0.2627584205037783
0.24887386176720389, 0.2623391423073196
0.2685186578797424, 0.2389563198125071
0.27792016513110507, 0.23860154595396565
0.29329799929045225, 0.2267004956083296
0.30096433985185506, 0.18112818087016347];

xmodel_upper = A(:,1);
ymodel_upper = A(:,2);

B = [0.04991668189685758, 2.0924884698495974
0.11721728286227245, 1.705043164152789
0.16234774288570908, 1.4090005052839802
0.16900459055871508, 1.0917681714095275
0.17218465441800962, 0.6727802444714408
0.15489749185632729, 0.33380994871905134
0.16497951987271142, 0.027769117473149585];

xexp_upper = B(:,1);
yexp_upper = B(:,2);

 %% 0.5h
C = [0.11197630540653858, 0.007127729339797995
0.11127643334014209, 0.2788522528140023
0.1012202070589247, 0.6301751292774442
0.08435877312749285, 1.0383585796144792
0.08369760366384638, 1.3780061709149938
0.05735080684176011, 1.6393777481535632
0.025105088317189328, 2.0481417375318487];

xexp_lower = C(:,1);
yexp_lower = C(:,2);

D = [0.014523151681950619, 2.9768429426878957
0.014484449079200573, 2.908919874861584
0.015287528086263824, 2.818323532257544
0.017761269445370237, 2.659739617489276
0.02025436210585163, 2.5351172366341634
0.026159734242127808, 2.3990453357988324
0.03205865594461227, 2.2516529236591163
0.036261113559886926, 2.1269660384660867
0.043856499349581274, 1.9568680993796836
0.04640764591418772, 1.9341303202640376
0.05147123644065063, 1.8207316942064353
0.059085973531720015, 1.684595289033188
0.06927120848877091, 1.5596826386574496
0.07432834858144213, 1.4349635012954622
0.07935323650515497, 1.2536418074115483
0.07760516894761177, 1.185783243923154
0.08009826160809314, 1.0611608630680416
0.07659567605921497, 0.9141232247868674
0.07397357472290014, 0.8123353795542751
0.06367868239139082, 0.744799337755464
0.05593493662448801, 0.6545255168410078
0.055857531418987943, 0.5186793811883854
0.06522678650139221, 0.4617220508079174
0.07971123558059279, 0.3819301848049279
0.08992872270660207, 0.3136200909511162
0.09244761710225013, 0.23427975531354495
0.1018168721846544, 0.17732242493307648
0.11121837943601703, 0.17696765107453505
0.11975230334239984, 0.15400410677618126
0.12144231699581798, 0.11997806852510884];

xmodel_lower = D(:,1);
ymodel_lower = D(:,2);


end